  -0.155884 -0.0739803 -0.0517999 -0.0429075 -0.0384389 -0.0363003 -0.0360964 -0.0385483 -0.0477161 -0.0881252
  -0.161354 -0.066998  -0.0447397 -0.0363041 -0.0317258 -0.0291079 -0.0281013 -0.0293723 -0.0373789 -0.0818549
  -0.177443 -0.0748174 -0.0503017 -0.0406656 -0.0350536 -0.0315289 -0.0297803 -0.0304332 -0.0383138 -0.0854799
  -0.177462 -0.0748557 -0.0503382 -0.0407059 -0.0350819 -0.0315668 -0.0298103 -0.0304535 -0.0383372 -0.0854915
  -0.161431 -0.0670827 -0.0448232 -0.0364074 -0.0318112 -0.0292054 -0.0281775 -0.0294423 -0.0374379 -0.0819054
  -0.155995 -0.0741047 -0.0519414 -0.0430604  -0.038583 -0.0364428 -0.0362313 -0.0386678 -0.0478203  -0.088205
  -0.155808 -0.0677119 -0.0456626 -0.0373904 -0.0331574 -0.0309686 -0.0304604 -0.0323445 -0.0410569 -0.0836529
  -0.179357  -0.068645 -0.0461818  -0.037374 -0.0313025 -0.0267563 -0.0235644 -0.0221405 -0.0274024 -0.0772156
  -0.262042  -0.133107  -0.102782 -0.0856189 -0.0711709 -0.0593865 -0.0500897 -0.0432783 -0.0445336  -0.100479
  -0.341106  -0.208051  -0.171288   -0.14508  -0.121481  -0.101794 -0.0858955 -0.0732573 -0.0697155   -0.12721
  -0.341088  -0.208026  -0.171251  -0.145038   -0.12144  -0.101764 -0.0858619 -0.0732359 -0.0697016  -0.127193
  -0.261973  -0.133038   -0.10271 -0.0855259 -0.0710801 -0.0593016  -0.050023 -0.0431984 -0.0444664  -0.100438
  -0.179288 -0.0685534 -0.0460763 -0.0372537 -0.0311954 -0.0266563 -0.0234723  -0.022054 -0.0273341 -0.0771631
   -0.15577 -0.0676704 -0.0456133 -0.0373373 -0.0330994 -0.0309132 -0.0304045  -0.032284 -0.0410064 -0.0836014
  -0.155974 -0.0740826 -0.0519223 -0.0430337 -0.0385637 -0.0364205 -0.0362085 -0.0386514 -0.0478024 -0.0881793
    -0.1793 -0.0685687 -0.0461068  -0.037269 -0.0312215 -0.0266735 -0.0234993 -0.0220673 -0.0273547 -0.0771644
  -0.339579  -0.207026  -0.170789  -0.144946  -0.121564  -0.101977 -0.0860399 -0.0732622 -0.0694153   -0.12641
  -0.631613  -0.529716   -0.48135  -0.426363  -0.371009  -0.321996  -0.279785  -0.241999  -0.212165   -0.25163
  -0.871254   -0.81409  -0.765832  -0.698099  -0.626513   -0.56044  -0.500974  -0.444434  -0.389804  -0.393957
  -0.871255  -0.814093  -0.765832  -0.698104  -0.626525  -0.560449   -0.50098  -0.444441  -0.389809  -0.393957
  -0.631623   -0.52973   -0.48136  -0.426383  -0.371028  -0.322018  -0.279796  -0.242018  -0.212187  -0.251638
  -0.339601  -0.207056  -0.170822   -0.14497  -0.121601  -0.102011 -0.0860611 -0.0733001 -0.0694492   -0.12642
  -0.179309 -0.0685948 -0.0461425 -0.0373148  -0.031249 -0.0267073 -0.0235317 -0.0221033 -0.0273768 -0.0771812
  -0.155964 -0.0740826 -0.0519196 -0.0430463 -0.0385599 -0.0364237 -0.0362074 -0.0386482 -0.0478027 -0.0881701
  -0.161416  -0.067079 -0.0448197 -0.0363903 -0.0318172  -0.029192 -0.0281856 -0.0294472 -0.0374339 -0.0818802
   -0.26199  -0.133061  -0.102732  -0.085563 -0.0711223  -0.059351   -0.05006 -0.0432315 -0.0445079  -0.100445
  -0.631607  -0.529706  -0.481335   -0.42636  -0.371003  -0.321976  -0.279769  -0.241973  -0.212146  -0.251602
   -1.16876   -1.16235   -1.12152   -1.05461   -0.98117  -0.910267  -0.843132  -0.775167  -0.698011  -0.642785
   -1.49252   -1.51467   -1.48563   -1.43758   -1.38486   -1.33251   -1.28089   -1.22585   -1.15417   -1.04653
   -1.49252   -1.51467   -1.48563   -1.43758   -1.38486   -1.33251   -1.28089   -1.22585   -1.15417   -1.04653
   -1.16876   -1.16235   -1.12152   -1.05462  -0.981178   -0.91027  -0.843143  -0.775169  -0.698022  -0.642794
  -0.631602   -0.52971  -0.481335  -0.426368  -0.370998  -0.321972  -0.279763  -0.241985  -0.212136  -0.251599
  -0.261968  -0.133032  -0.102705 -0.0855281 -0.0710823 -0.0593154 -0.0500254 -0.0431973 -0.0444693  -0.100407
  -0.161361 -0.0670126 -0.0447452 -0.0363228 -0.0317342 -0.0290984 -0.0281015 -0.0293614 -0.0373577 -0.0818105
   -0.17742 -0.0748104 -0.0502965 -0.0406664 -0.0350292 -0.0315057 -0.0297442 -0.0303919 -0.0382672 -0.0854125
  -0.341035  -0.207964  -0.171203   -0.14499  -0.121391  -0.101718  -0.085815 -0.0732058 -0.0696563  -0.127134
  -0.871231  -0.814065  -0.765802  -0.698068  -0.626475  -0.560396  -0.500922  -0.444377  -0.389748    -0.3939
   -1.49252   -1.51467   -1.48562   -1.43758   -1.38485   -1.33251   -1.28088   -1.22584   -1.15416   -1.04653
   -1.82214   -1.82756   -1.81137   -1.79223   -1.77306   -1.75445   -1.73613   -1.71688   -1.69173   -1.63024
   -1.82214   -1.82756   -1.81137   -1.79223   -1.77306   -1.75445   -1.73613   -1.71688   -1.69173   -1.63024
   -1.49252   -1.51467   -1.48562   -1.43758   -1.38485   -1.33251   -1.28089   -1.22584   -1.15416   -1.04652
  -0.871233  -0.814066  -0.765804  -0.698072   -0.62648  -0.560398  -0.500934  -0.444378  -0.389751  -0.393903
  -0.341022  -0.207957  -0.171187  -0.144984  -0.121383  -0.101711 -0.0858036 -0.0731872 -0.0696333  -0.127128
  -0.177385  -0.074765 -0.0502531 -0.0406181 -0.0349805 -0.0314668 -0.0297031 -0.0303559 -0.0382326 -0.0853873
  -0.177387 -0.0747681  -0.050259 -0.0406214 -0.0349871 -0.0314666 -0.0296921 -0.0303548 -0.0382347 -0.0853809
  -0.341015  -0.207945   -0.17118  -0.144969  -0.121371   -0.10169 -0.0857998 -0.0731767 -0.0696324  -0.127133
  -0.871231  -0.814062  -0.765798  -0.698067  -0.626473  -0.560383  -0.500917  -0.444372  -0.389748  -0.393903
   -1.49252   -1.51467   -1.48563   -1.43758   -1.38485   -1.33251   -1.28089   -1.22584   -1.15417   -1.04653
   -1.82214   -1.82756   -1.81137   -1.79223   -1.77306   -1.75445   -1.73613   -1.71688   -1.69173   -1.63024
   -1.82214   -1.82756   -1.81137   -1.79223   -1.77306   -1.75445   -1.73613   -1.71688   -1.69173   -1.63024
   -1.49252   -1.51467   -1.48563   -1.43758   -1.38485   -1.33251   -1.28088   -1.22584   -1.15416   -1.04653
  -0.871228  -0.814062  -0.765794  -0.698062  -0.626463  -0.560393  -0.500909  -0.444364  -0.389741  -0.393905
  -0.341027  -0.207947  -0.171176  -0.144963  -0.121383  -0.101694 -0.0857939 -0.0731824 -0.0696472  -0.127146
  -0.177409 -0.0747836 -0.0502788 -0.0406356 -0.0350158 -0.0315028 -0.0297381 -0.0303905 -0.0382667 -0.0854289
  -0.161347  -0.066993 -0.0447282  -0.036306 -0.0317097 -0.0290922 -0.0280776 -0.0293495 -0.0373478 -0.0818202
   -0.26195  -0.133006  -0.102667 -0.0854989  -0.071063 -0.0592883 -0.0500096 -0.0431857 -0.0444669   -0.10042
  -0.631607  -0.529705  -0.481337  -0.426355  -0.370998  -0.321986  -0.279766  -0.241979  -0.212144   -0.25161
   -1.16877   -1.16236   -1.12153   -1.05462  -0.981188  -0.910277  -0.843152  -0.775181  -0.698031   -0.64281
   -1.49253   -1.51468   -1.48563   -1.43759   -1.38486   -1.33252    -1.2809   -1.22586   -1.15418   -1.04655
   -1.49253   -1.51468   -1.48563   -1.43759   -1.38486   -1.33252    -1.2809   -1.22586   -1.15418   -1.04655
   -1.16877   -1.16236   -1.12153   -1.05463  -0.981189  -0.910285   -0.84315  -0.775184  -0.698035  -0.642812
  -0.631622  -0.529716  -0.481356  -0.426376  -0.371013  -0.321998  -0.279801  -0.242007  -0.212164  -0.251632
  -0.261987  -0.133053  -0.102723 -0.0855526 -0.0711088 -0.0593479 -0.0500591 -0.0432366 -0.0445149  -0.100474
  -0.161416 -0.0670725 -0.0448177 -0.0363988 -0.0318147 -0.0291848 -0.0281813 -0.0294415 -0.0374271 -0.0818899
  -0.155957 -0.0740652  -0.051913 -0.0430341 -0.0385585 -0.0364206 -0.0362081 -0.0386463 -0.0478103 -0.0881814
  -0.179304 -0.0685891 -0.0461312 -0.0372975 -0.0312332 -0.0267197 -0.0235122 -0.0220922 -0.0273652 -0.0771804
  -0.339608  -0.207052  -0.170822  -0.144985   -0.12161  -0.102012 -0.0860717 -0.0732832 -0.0694414  -0.126429
  -0.631632  -0.529741  -0.481369  -0.426396  -0.371045   -0.32202  -0.279808  -0.242026  -0.212187  -0.251643
   -0.87127  -0.814109  -0.765853  -0.698126   -0.62654  -0.560463  -0.501006   -0.44445  -0.389823  -0.393971
  -0.871269  -0.814108  -0.765854  -0.698126  -0.626543  -0.560467     -0.501  -0.444449  -0.389823  -0.393974
  -0.631635  -0.529743  -0.481371  -0.426409  -0.371045  -0.322027  -0.279816  -0.242024  -0.212182  -0.251645
    -0.3396  -0.207051  -0.170831   -0.14498  -0.121601  -0.102009 -0.0860638 -0.0732813 -0.0694255  -0.126416
  -0.179301 -0.0685814 -0.0461161 -0.0372961 -0.0312194 -0.0266923 -0.0235026 -0.0220763 -0.0273422  -0.077159
  -0.155952 -0.0740631 -0.0518964 -0.0430184 -0.0385393 -0.0363964 -0.0361846   -0.03862 -0.0477836 -0.0881567
  -0.155763 -0.0676677 -0.0456109 -0.0373323 -0.0330976 -0.0309024 -0.0303898 -0.0322778 -0.0409828 -0.0835716
  -0.179289 -0.0685604 -0.0461088 -0.0372674  -0.031205 -0.0266749 -0.0234806 -0.0220542 -0.0273379 -0.0771402
   -0.26197  -0.133031  -0.102707 -0.0855298 -0.0710914 -0.0593145 -0.0500346 -0.0431957 -0.0444749   -0.10043
  -0.341067  -0.207994  -0.171234  -0.145013  -0.121427   -0.10175 -0.0858535 -0.0732326 -0.0696794  -0.127179
  -0.341066  -0.208002  -0.171221  -0.145019  -0.121419  -0.101747 -0.0858425 -0.0732268 -0.0696757   -0.12717
  -0.261968  -0.133028  -0.102695 -0.0855155 -0.0710755 -0.0593029 -0.0500108 -0.0431937 -0.0444663  -0.100424
  -0.179266 -0.0685439 -0.0460703 -0.0372449 -0.0311778  -0.026639 -0.0234547 -0.0220299 -0.0273179 -0.0771317
  -0.155741  -0.067637 -0.0455803  -0.037292  -0.033066 -0.0308719 -0.0303593 -0.0322526 -0.0409666 -0.0835593
  -0.155933 -0.0740383 -0.0518827 -0.0429925 -0.0385181 -0.0363729 -0.0361636 -0.0386055 -0.0477683 -0.0881512
  -0.161382 -0.0670318 -0.0447659  -0.036343  -0.031748 -0.0291296 -0.0281248  -0.029389 -0.0373842  -0.081841
  -0.177433 -0.0748192 -0.0503032 -0.0406675 -0.0350431 -0.0315282  -0.029759 -0.0304107 -0.0382922 -0.0854457
  -0.177439 -0.0748179 -0.0503052 -0.0406686 -0.0350384 -0.0315264  -0.029762 -0.0304111 -0.0382887 -0.0854403
  -0.161389  -0.067039  -0.044781 -0.0363552 -0.0317596 -0.0291442 -0.0281265 -0.0293946 -0.0373882 -0.0818509
  -0.155942 -0.0740518 -0.0518861 -0.0430087 -0.0385399 -0.0363958 -0.0361846  -0.038616 -0.0477744 -0.0881618
